0 0.481914 0.127466 0.103506 0.112865
0 0.242348 0.253749 0.049527 0.067088
0 0.297162 0.404893 0.062326 0.088398
0 0.253478 0.606946 0.062883 0.093133
0 0.190317 0.641279 0.053422 0.090766
0 0.617974 0.108919 0.059544 0.099448
0 0.620757 0.026046 0.053979 0.050513
0 0.680857 0.092344 0.057318 0.075770
0 0.914302 0.056433 0.066778 0.093923
0 0.975515 0.241515 0.047858 0.093133
0 0.784641 0.383583 0.055648 0.094712
0 0.829994 0.780979 0.065109 0.097080
0 0.829438 0.942778 0.063996 0.081294
0 0.467724 0.636148 0.043962 0.064720
1 0.589316 0.301894 0.024485 0.136543
1 0.589037 0.497238 0.025042 0.132597
1 0.587646 0.729282 0.023372 0.178374
1 0.226210 0.741121 0.011686 0.105762
0 0.240679 0.390292 0.045075 0.067088
